c PicoSAT SAT Solver Version 960
c Copyright (c) 2006 - 2014 Armin Biere JKU Linz
c gcc -Wall -Wextra -DNDEBUG -O3
c
c using 2 as default phase
c
c parsing infile.cnf
c parsed header 'p cnf 6658 456092'
c initialized 6658 variables
c found 456092 non trivial clauses
c
c random number generator seed 0
c 
c  seconds     variables   original    learned     agility
c         level        used      conflicts    limit          MB
c 
c s   0.2   0.0  6658   0.0 196e3     0     0     0   0.0  22.2 
c 
c initial reduction limit 1000 clauses
c 
c +   0.3 118e1  6658   7.6 196e3   100   100  1100   5.4  22.5 
c R   0.3 118e1  6658   7.6 196e3   102   102  1100   5.8  22.5 
c +   0.3 908.9  6658  17.6 196e3   221   221  1210   6.7  22.6 
c +   0.3 836.3  6658  21.1 196e3   367   367  1331   6.0  22.9 
c R   0.3 823.1  6658  21.4 196e3   403   403  1331   5.9  23.0 
c +   0.3 724.7  6658  24.7 196e3   543   543  1464   6.5  23.3 
c +   0.4 671.7  6658  26.9 196e3   755   755  1610   7.8  23.8 
c +   0.4 621.9  6658  29.4 196e3  1011  1011  1771   3.3  24.6 
c R   0.4 621.9  6658  29.6 196e3  1205  1205  1771   4.3  25.3 
c +   0.4 591.1  6658  31.0 196e3  1320  1320  1948   7.7  25.7 
c +   0.5 573.2  6658  31.6 196e3  1693  1693  2142   6.3  27.2 
c +   0.6 552.4  6658  31.6 196e3  2144  2144  2356   5.3  29.0 
c +   0.7 543.1  6658  32.2 196e3  2689  1483  2591   5.1  25.5 
c R   0.7 524.0  6658  32.4 196e3  3215  2009  2591   6.0  27.1 
c +   0.8 520.0  6658  32.4 196e3  3348  2142  2850   5.4  27.6 
c +   0.9 508.3  6658  32.5 196e3  4145  2939  3135   5.8  30.5 
c +   1.1 498.8  6658  32.8 196e3  5109  2297  3448   6.1  27.4 
c +   1.3 502.0  6658  33.7 196e3  6275  3463  3792   5.0  31.6 
c +   1.6 508.8  6658  33.7 196e3  7685  2920  4171   6.0  29.0 
c R   1.7 509.3  6658  33.7 196e3  8027  3262  4171   7.0  30.1 
c 
c  seconds     variables   original    learned     agility
c         level        used      conflicts    limit          MB
c 
c +   1.9 503.6  6658  34.4 196e3  9391  2475  4588   6.7  26.6 
c +   2.2 510.6  6658  35.2 196e3 11455  4539  5046   6.7  34.5 
c +   2.6 515.7  6658  35.5 196e3 13952  4470  5550   7.4  33.1 
c +   3.1 525.2  6658  35.5 196e3 16973  4677  6105   4.4  33.3 
c R   3.4 523.0  6658  35.6 196e3 19262  3886  6105   7.3  29.0 
c +   3.5 517.5  6658  36.0 196e3 20628  5252  6715   5.6  33.2 
c +   4.2 512.8  6658  36.6 196e3 25050  6296  7386   6.8  35.5 
c +   5.0 511.6  6658  36.6 196e3 30400  4182  8124   5.6  28.4 
c +   6.0 519.1  6658  36.9 196e3 36873  6562  8936   6.0  37.9 
c +   7.3 526.1  6658  36.9 196e3 44705  5359  9829   5.8  30.8 
c R   7.4 526.1  6658  36.9 196e3 44929  5583  9829   5.8  31.6 
c +   9.0 523.0  6658  37.0 196e3 54181  9906 10811   4.6  46.1 
c +  10.9 520.5  6658  37.0 196e3 65646 10490 11892   6.1  46.3 
c +  13.2 515.5  6658  37.1 196e3 79518  6320 13081   4.8  30.7 
c +  16.3 513.1  6658  37.1 196e3 96303  9878 14389   6.2  42.2 
c R  18.1 512.9  6658  37.1 196e3 102e3  8999 14389   6.4  37.9 
c +  20.6 514.1  6658  37.1 196e3 116e3  8475 15827   6.6  35.6 
c +  24.8 521.6  6658  37.1 196e3 141e3  9209 17409   7.0  36.6 
c +  30.5 524.0  6658  37.1 196e3 170e3 12693 19149   6.5  47.1 
c +  37.7 525.3  6658  37.3 196e3 206e3 10248 21063   6.0  36.2 
c R  42.8 531.4  6658  37.3 196e3 231e3 13189 21063   6.7  46.2 
c +  46.7 527.8  6658  37.3 196e3 250e3 11456 23169   7.1  38.3 
c 
c  seconds     variables   original    learned     agility
c         level        used      conflicts    limit          MB
c 
c +  56.8 526.8  6658  37.3 196e3 303e3 17678 25485   6.9  58.1 
c +  69.4 523.0  6658  37.3 196e3 366e3 17460 28033   6.6  52.7 
c +  84.2 520.2  6658  37.3 196e3 443e3 24280 30836   8.1  76.8 
